<h1 align="center">Sales (Available Dataset)</h1>

| | Price | Promotion | SeasonFactor | Sales |
|:-----:|:-----:|:---------:|:------------:|:-----:|
| [1] | 201.8647 | 1.0 | 1.0 | 2381.0578 |
| [2] | 398.9774 | 0.0 | 1.2 | 1142.7112 |
| [3] | 330.7531 | 1.0 | 1.0 | 1711.2569 |
| [4] | 66.0156 | 0.0 | 0.8 | 2336.814 |
| [5] | 309.7027 | 0.0 | 1.2 | 1742.4426 |
| [6] | 161.3583 | 1.0 | 1.2 | 2921.2039 |
| [7] | 116.1831 | 1.0 | 0.8 | 2570.2996 |
| [8] | 339.2498 | 1.0 | 0.8 | 1402.6437 |
| [9] | 261.4119 | 0.0 | 1.2 | 1951.5808 |
| [10] | 86.607 | 0.0 | 1.0 | 2749.7522 |
| [11] | 224.6746 | 0.0 | 1.2 | 2067.0371 |
| [12] | 482.6379 | 0.0 | 1.0 | 513.6496 |
| [13] | 184.0367 | 0.0 | 1.2 | 2270.2335 |
| [14] | 208.6165 | 1.0 | 1.0 | 2497.2183 |
| [15] | 122.6153 | 1.0 | 0.8 | 2693.2618 |
| [16] | 155.1607 | 0.0 | 0.8 | 2068.9126 |
| [17] | 271.6781 | 1.0 | 1.2 | 2199.3707 |
| [18] | 420.4519 | 0.0 | 1.0 | 881.2289 |
| [19] | 287.2648 | 0.0 | 1.0 | 1591.4331 |
| [20] | 231.0326 | 1.0 | 0.8 | 2168.9041 |
| [21] | 372.9922 | 1.0 | 0.8 | 1346.168 |
| [22] | 101.7198 | 0.0 | 1.2 | 2775.226 |
| [23] | 475.5874 | 0.0 | 1.0 | 445.8165 |
| [24] | 330.689 | 1.0 | 1.0 | 1994.4908 |
| [25] | 383.7323 | 0.0 | 1.0 | 1195.5492 |
| [26] | 175.0248 | 1.0 | 0.8 | 2672.0752 |
| [27] | 222.7248 | 0.0 | 1.2 | 2076.2119 |
| [28] | 235.2865 | 0.0 | 1.2 | 2022.5324 |
| [29] | 254.2815 | 0.0 | 1.0 | 1894.6948 |
| [30] | 345.7389 | 1.0 | 1.2 | 1897.5232 |
| [31] | 371.5682 | 0.0 | 0.8 | 855.0858 |
| [32] | 100.1805 | 0.0 | 1.2 | 2714.2537 |
| [33] | 357.1432 | 1.0 | 0.8 | 1461.4461 |
| [34] | 430.2678 | 1.0 | 1.0 | 1359.1252 |
| [35] | 438.9038 | 0.0 | 1.0 | 592.8714 |
| [36] | 391.4219 | 0.0 | 1.0 | 1077.2983 |
| [37] | 338.4887 | 0.0 | 1.2 | 1579.252 |
| [38] | 223.294 | 1.0 | 1.0 | 2533.5173 |
| [39] | 369.2475 | 0.0 | 1.2 | 1367.4192 |
| [40] | 235.408 | 1.0 | 1.2 | 2600.7462 |
| [41] | 72.189 | 1.0 | 1.2 | 3292.6902 |
| [42] | 413.7788 | 0.0 | 1.0 | 1026.5558 |
| [43] | 155.0283 | 0.0 | 1.2 | 2242.2612 |
| [44] | 58.2047 | 0.0 | 1.2 | 2911.2136 |
| [45] | 216.4499 | 0.0 | 0.8 | 1716.9758 |
| [46] | 248.0686 | 1.0 | 1.2 | 2352.3471 |
| [47] | 139.6489 | 1.0 | 1.2 | 3042.4897 |
| [48] | 367.3126 | 0.0 | 0.8 | 842.1088 |
| [49] | 254.4698 | 0.0 | 1.2 | 2070.1185 |
| [50] | 469.2892 | 1.0 | 0.8 | 986.2073 |
| [51] | 133.5799 | 1.0 | 1.0 | 2932.036 |
| [52] | 314.5079 | 1.0 | 0.8 | 1664.9306 |
| [53] | 341.8091 | 0.0 | 0.8 | 1122.1264 |
| [54] | 470.1269 | 0.0 | 1.2 | 779.465 |
| [55] | 387.9229 | 0.0 | 1.2 | 1250.1121 |
| [56] | 211.7025 | 0.0 | 0.8 | 1780.9085 |
| [57] | 283.4154 | 1.0 | 1.0 | 2061.1898 |
| [58] | 303.2099 | 1.0 | 1.2 | 2173.8882 |
| [59] | 269.4325 | 0.0 | 1.0 | 1733.1277 |
| [60] | 298.6254 | 0.0 | 1.2 | 1786.3417 |
| [61] | 185.4336 | 1.0 | 1.2 | 2752.1627 |
| [62] | 173.703 | 1.0 | 1.0 | 2890.6327 |
| [63] | 294.8489 | 0.0 | 1.0 | 1643.5694 |
| [64] | 389.998 | 1.0 | 0.8 | 1290.9514 |
| [65] | 339.61 | 1.0 | 1.0 | 1886.8596 |
| [66] | 471.2565 | 1.0 | 1.2 | 1451.1318 |
| [67] | 205.3365 | 0.0 | 1.2 | 2261.6466 |
| [68] | 395.8105 | 1.0 | 0.8 | 1285.0897 |
| [69] | 460.1038 | 1.0 | 1.0 | 1133.5057 |
| [70] | 273.8929 | 1.0 | 0.8 | 1974.6313 |
| [71] | 499.4568 | 0.0 | 1.2 | 601.8209 |
| [72] | 465.1247 | 1.0 | 1.0 | 1202.1775 |
| [73] | 191.244 | 1.0 | 1.0 | 2586.3936 |
| [74] | 118.2178 | 0.0 | 1.0 | 2456.7949 |
| [75] | 493.1863 | 1.0 | 1.2 | 1207.4992 |
| [76] | 68.1464 | 0.0 | 1.2 | 2759.6087 |
| [77] | 471.5734 | 1.0 | 0.8 | 967.9286 |
| [78] | 208.2694 | 1.0 | 0.8 | 2260.0668 |
| [79] | 81.4379 | 0.0 | 1.0 | 2684.3561 |
| [80] | 483.5275 | 1.0 | 1.0 | 1009.9462 |
| [81] | 308.9973 | 0.0 | 0.8 | 1326.8698 |
| [82] | 128.9171 | 0.0 | 0.8 | 2140.6596 |
| [83] | 274.2499 | 1.0 | 1.2 | 2461.8144 |
| [84] | 297.7985 | 0.0 | 1.0 | 1349.4814 |
| [85] | 283.1069 | 1.0 | 1.0 | 2034.6993 |
| [86] | 215.802 | 0.0 | 1.0 | 1945.0026 |
| [87] | 207.7342 | 1.0 | 0.8 | 2218.1682 |
| [88] | 457.7392 | 1.0 | 1.2 | 1437.8644 |
| [89] | 286.4122 | 1.0 | 1.2 | 2292.7539 |
| [90] | 276.75 | 1.0 | 0.8 | 1940.4283 |
| [91] | 175.8206 | 1.0 | 1.2 | 2955.0304 |
| [92] | 455.5666 | 0.0 | 1.2 | 918.0656 |
| [93] | 273.2988 | 1.0 | 1.2 | 2273.117 |
| [94] | 395.2347 | 0.0 | 1.2 | 1277.1283 |
| [95] | 249.1455 | 1.0 | 0.8 | 2123.8091 |
| [96] | 258.7918 | 0.0 | 0.8 | 1412.6551 |
| [97] | 416.3939 | 0.0 | 1.0 | 1039.8406 |
| [98] | 435.5285 | 1.0 | 1.2 | 1433.5744 |
| [99] | 227.1568 | 0.0 | 0.8 | 1601.6042 |
| [100] | 249.0772 | 0.0 | 1.2 | 2040.7834 |
